1   1   
1   1   
1   1   
1   1   
1   1   
1   1   
1   1   
1   1   
1   1   
1   1   
3   1   
3   1   
3   1   
3   1   
3   1   
3   1   
3   1   
3   1   
3   1   
3   1   
5   -3   
5   -3   
5   -3   
5   -3   
5   -3   
5   -3   
5   -3   
5   -3   
5   -3   
5   -3   
4   0   
4   0   
4   0   
4   0   
4   0   
4   0   
4   0   
4   0   
4   0   
4   0   
5   3   
5   3   
5   3   
5   3   
5   3   
5   3   
5   3   
5   3   
5   3   
5   3   
5   3   
5   3   
5   3   
5   3   
5   3   
5   3   
5   3   
5   3   
5   3   
5   3   

