0.31964285714285717   0.032261904761904769   
0.31948551448551454   0.13541308329351809   
0.26729069461828092   0.24022393336298886   
0.31813895991754443   0.22537973706703329   
0.31730928155497135   0.30423143881385889   
0.25512122451397312   0.54669069524370362   
0.22930592869867733   0.40466327821628667   
0.29128103692378565   0.29738389093689932   
0.19434241998516874   0.42036563141863986   
0.17752330772488004   0.42726414956715808   
0.075556940758513047   0.30312329042629893   
0.060063059639631933   0.16759007364308215   
0.0075091150462136477   0.099212994925446177   
0.19253964007673866   0.29786212357457476   
0.17559220872225381   0.038714840987730946   
0.14888107565242512   -0.11161928673450421   
0.17242662503506564   -0.266459671817183   
0.18844746049475561   -0.16512397255772213   
0.1509474604947556   0.27275481532106582   
0.15082092036821548   0.40040868922493966   
-0.054785972738677635   0.546242022558273   
-0.26653991324261811   0.49480692987318037   
-0.18444798556245512   0.44813262378710955   
-0.0813725887370583   0.48124770315218907   
-0.091848779213248771   0.60922389362837948   
-0.22462655699102657   0.81358897299345878   
-0.10240433476880434   0.29505722696171266   
-0.056008230872700439   0.13169142609591181   
-0.18934156420603376   0.34835809276257845   
-0.14922251658698613   0.49431047371495945   
-0.019823165937635445   0.28617003572158028   
-0.030775546890016395   0.709849689401234   
0.064743933629464123   0.25473064178218635   
0.19177540276232646   0.249108469836485   
0.0674301646670884   0.5545846603126755   
0.14954810799826704   0.25804851650292482   
0.13820882228398132   0.078074654580533462   
0.13795662930152516   -0.07789643255760173   
0.11458551211461851   0.084836653070220758   
0.13429521417726176   0.17683113571176223   
-0.045412578030530462   -0.22748538110475458   
-0.138984006601959   -0.12788220650157994   
-0.08499591136386378   -0.14550125412062759   
-0.01874591136386378   -0.25395363507300855   
0.042146945778993375   -0.0041322065015799922   
-0.05109980746775987   -0.34911416898354247   
0.022531144913192528   -0.48997726422163779   
0.025962599120729287   -0.3841857552142367   
0.045408149544540581   -0.3625855916926074   
0.080745271572839089   -0.19946381151200371   
0.083811857764425277   -0.29222937927757148   
-0.012854808902241395   -0.28222937927757141   
0.067502333954901461   -0.62011926716745935   
0.012206518659086157   -0.63789704494523713   
0.10917621562878314   -0.6004349237331158   
0.11929526324783075   -0.44155671860491075   
0.081735739438306948   -0.26471148050967269   
0.015258466711034223   -0.029067541115733262   
0.11359957005213756   -0.1737031832513754   
-0.11604828209571459   -0.41456815161634375   

