1   0   
1   0   
2   3   
2   3   
1   0   
1   0   
0   -2   
0   -2   
1   -2   
1   -2   
1   3   
1   3   
-2   8   
-2   8   
-2   5   
-2   5   
-1   2   
-1   2   
-2   4   
-2   4   
-2   -2   
-2   -2   
-3   -7   
-3   -7   
-1   -7   
-1   -7   
-1   -4   
-1   -4   
-2   -9   
-2   -9   
-1   -11   
-1   -11   
-1   -12   
-1   -12   
-2   -14   
-2   -14   
-2   -6   
-2   -6   
-3   -12   
-3   -12   
-1   -8   
-1   -8   
-2   -8   
-2   -8   
-4   -12   
-4   -12   
-2   -9   
-2   -9   
-2   -10   
-2   -10   
-2   -15   
-2   -15   
-2   -8   
-2   -8   
-2   -8   
-2   -8   
-3   -14   
-3   -14   
-2   -14   
-2   -14   

