0.11944444444444445   1.0876984126984124   
0.1481680582918973   0.82765048333159741   
0.12827628340012243   0.74829640603634362   
0.12476075287801296   0.61480588340108411   
0.13501716313442322   0.64412212271732339   
0.12424793236519244   0.64954025961071071   
0.16706730049706059   0.66555213975565541   
0.27566045003757855   0.66548944830480616   
0.25695013257726113   0.86132278163813947   
0.19971341096553952   0.81105680986481454   
0.32221341096553952   0.094806809864814476   
0.3938007125528411   -0.20146303140502683   
0.60683642683855543   -0.775808269500265   
0.58761925512138369   -0.6596910533830489   
0.68113115988328843   -0.56503244809944353   
0.63018286389822775   -0.38991211049071584   
0.40526222897759279   0.32080217522356991   
0.47867492739029122   0.17078164020303485   
0.55412018882819969   -0.11872147922655518   
0.65390040860841947   0.28859453808946217   
0.59932522036954827   0.30266553955176795   
0.5147890950513947   0.3424577499959105   
0.52087428774916344   0.47754673830718475   
0.51773625318311034   0.66554402224100129   
0.310129831826689   1.1320591737561529   
0.28877285546971265   1.4228309020278813   
0.32734428404114124   1.0281303248273039   
0.32297920467606189   0.90203974873672765   
0.38953140247825968   0.79790638210336085   
0.45785752080437797   1.3131300473270258   
0.39145780940466657   1.1406516923486705   
0.3599994760713332   1.0344039817259598   
0.30027725384911091   1.3401732124951906   
0.26763836496022203   1.1123954347174128   
0.44531693638879344   1.3073450684170462   
0.49448360305546013   1.7659943358163139   
0.49146162503348212   1.315779966851945   
0.44518096125281831   0.66240722847920652   
0.43022092129277834   1.3375027212217581   
0.66837387944573645   1.3136390848581216   
0.57058416915602628   1.0349217237878194   
0.35954250248935954   1.1111717237878196   
0.46747901042586743   0.89607251743861316   
0.48104766399452087   0.6263472427133383   
0.60000774802813428   0.921312228707736   
0.57128480430519069   0.73718177582728306   
0.543128238648625   0.48781669646220371   
0.39370605294632088   0.30793824046313933   
0.41870605294632096   1.0221049071298061   
0.51592827516854323   0.94154935157425046   
0.48281139205166018   1.4646373746622738   
0.45148786263989543   1.5582002088868727   
0.4061902435922764   0.899628780315444   
0.39170611660814947   0.51742990076362327   
0.36014288816992107   0.16102359873232119   
0.37302167604870895   0.21291753812626055   
0.41168696672638355   0.46731382295598195   
0.40827634226312753   0.57285626812691015   
0.33372419506392148   0.6355051551875619   
0.41336705220677861   1.4901777742351812   

