0.17678571428571432   0.196231684981685   
0.35321248196248206   0.37687562437562439   
0.36916819291819297   0.293013653013653   
0.3741132478632479   0.26070346320346316   
0.33094017094017103   0.33119110056610057   
0.38570207570207576   0.475119671994672   
0.31051268176268176   0.15303633866133864   
0.34217934842934844   0.39416729104229103   
0.32169774669774676   0.46315316627816622   
0.397888222888223   0.32267697580197574   
0.46463064713064722   0.19197517760017757   
0.344428626928627   0.37377171439671425   
0.37072742616860277   0.28254757905493177   
0.30580623624741293   0.089449843457196157   
0.25116337910455583   -0.068349856842504164   
0.33491337910455582   0.13712633363368637   
0.31164667869969753   0.042889484956048253   
0.261691729108525   -0.005840272128972   
0.24518656760336349   -0.089678100966800844   
0.25393198884878476   -0.0946481309368308   
0.39130378372057972   -0.014730548519248363   
0.34723812715492319   -0.23023199152069146   
0.45299570291249897   -0.2131324244211244   
0.258141668058464   -0.24911033539903538   
0.27623690615370206   -0.13723407440512733   
0.30521417888097474   -0.18254251596356891   
0.25632528999208587   -0.14627988970094263   
0.290037411204207   -0.1998296732507262   
0.235191154519715   -0.099880602713420391   
0.21102448785304839   -0.043630602713420424   
0.14466987024843075   -0.029530674863492562   
0.080919870248430753   0.12487408704126932   
0.089580584534145039   0.0786266457570633   
0.080703350656911144   -0.088302062789292313   
0.12184241992098041   -0.13324524460747408   
0.091328350656911139   -0.43576147837370788   
0.067518826847387345   -0.2938567164689459   
0.18703181386037437   -0.352033539645769   
0.17858317916173971   -0.46015375276598208   
0.15971031591387647   -0.1948263718136011   
0.1999298710405524   -0.13772680471403403   
0.18665256011618267   -0.15159033089373669   
0.25979469575831832   0.41988680308339721   
0.18507247353609613   0.12808124752784159   
0.24241374337736601   -0.14837708580549169   
0.24852485448847711   -0.15074949409895264   
0.20245481341843602   -0.091067509416967951   
0.19854969076331336   -0.075484897584356142   
0.12624199845562104   0.56041253831307958   
0.099575331788954363   0.32428699718753845   
0.13101472572834827   0.5988071992077405   
0.15522384993747251   0.31675036715090837   
0.15730718327080584   0.502167033817575   
0.12351097947460202   0.3808108899614312   
0.21227603386465643   0.46967355507409636   
0.24011375170237431   0.15260117956518843   
0.14539513698375955   0.055012795726804592   
0.16424434333296589   0.40955464276865172   
0.17026082684944943   0.28661341732742618   
0.18219553021797633   0.0418024929576782   

