0   1   
0   1   
0   1   
0   1   
2   -1   
2   -1   
2   -1   
2   -1   
1   -3   
1   -3   
1   -3   
1   -3   
0   -6   
0   -6   
0   -6   
0   -6   
0   -8   
0   -8   
0   -8   
0   -8   
-1   -3   
-1   -3   
-1   -3   
-1   -3   
-1   -8   
-1   -8   
-1   -8   
-1   -8   
-2   -2   
-2   -2   
-2   -2   
-2   -2   
-2   -9   
-2   -9   
-2   -9   
-2   -9   
0   -4   
0   -4   
0   -4   
0   -4   
-1   -8   
-1   -8   
-1   -8   
-1   -8   
-1   -11   
-1   -11   
-1   -11   
-1   -11   
-2   -6   
-2   -6   
-2   -6   
-2   -6   
-2   -7   
-2   -7   
-2   -7   
-2   -7   
-3   -13   
-3   -13   
-3   -13   
-3   -13   

