0.13632478632478634   0.11599650349650351   
0.17721309306448629   0.19388488962018374   
0.29001612336751659   0.37823644084673497   
0.38843707741347061   0.49049085310114721   
0.19231994763922003   0.56518802813113955   
0.1864866143058867   0.28227136146447296   
0.12967571686998924   0.42364040908352063   
0.16403621748048985   0.47627471921783082   
0.15484504100990162   0.45053807840766058   
0.183555515318202   0.50958041859988645   
0.18537737766638013   0.37541037811405653   
0.21002023480923732   0.41714197984565826   
0.35374047290447541   0.679925862629541   
0.32525493098643921   0.58549123233409506   
0.28839573754829839   0.51688951971922459   
0.31500638180600149   0.3269723271336884   
0.28553602112168192   0.33819971378212771   
0.29676076859642947   0.49758102691344086   
0.26580838764404852   0.601248006218965   
0.28388073196639274   0.540536209845404   
0.31638073196639277   0.41069980229160508   
0.35741620970263777   0.11449784993875756   
0.33577930494073294   0.14793288712379471   
0.30994888536031334   0.16135557554648311   
0.3294829729187817   0.40318016543028351   
0.34371908402989282   0.52269006392195949   
0.329400902211711   0.63673259002330918   
0.43519455300536175   0.44158856737928653   
0.3981490984599072   -0.03737968658896744   
0.31439451970532845   0.19678337257409176   
0.37428268709349577   0.15861237690309604   
0.33011602042682914   0.24194571023642936   
0.59219935376016242   0.92902904356976279   
0.46541613697694567   0.79542375996447912   
0.36537622590762286   0.43660586217599318   
0.39245955924095621   0.8989074494775805   
0.25535638463778154   0.9971217351918662   
0.12878896936757989   0.72980094956767494   
0.17603644411505465   0.35784929011601552   
0.2843392524178629   0.42062401539074085   
0.33076782384643433   1.2694335392002647   
0.37683925241786292   1.0516688039355295   
0.38509533994059136   0.95240615589385691   
0.36983299784960477   1.0055840990078615   
0.351087299103906   0.987128110551873   
0.41526617578278274   1.4053790263027888   
0.37943284244944941   1.1122368743371074   
0.45666949468610168   0.96097757807781137   
0.46478637780298476   0.7215170386172719   
0.58989460291120988   0.32952569662593   
0.60532569959230653   0.20331857041880375   
0.50918572845233534   -0.050338536363303057   
0.41419655096315788   -0.096827186601953288   
0.60603249279909988   0.34790696813220146   
0.42019915946576647   0.18919164750511613   
0.720711979978587   1.5962429295563982   
0.73322113748774465   1.5884031755711334   
0.68697113748774463   1.309971815264773   
0.68427591604252314   1.4145324507077612   
0.70817201993862711   1.4157012818765924   

