0.013205128205128206   0.042809829059829066   
0.032624320124320129   0.085540084915084927   
0.046552891552891558   0.11499895937395939   
0.066211732711732724   0.17714067876567879   
0.07843019893557486   0.19996558855268814   
0.084316337917366022   0.20540098282136574   
0.091219018570046675   0.23515148232186522   
0.098942545043573138   0.24563816230854521   
0.10753926001161165   0.26518799890985234   
0.10853926001161165   0.26938697156191421   
0.11916407637172213   0.25335383802878064   
0.11355404733986649   0.25686332252433325   
0.12579430708012623   0.249571836232847   
0.12837764041345956   0.25437992983642121   
0.13087555119832689   0.24941848150214677   
0.13423827466766802   0.23473100428413884   
0.13802885908325244   0.23182197703687632   
0.151074313628707   0.2416560318709311   
0.17280716492773471   0.25846082430072354   
0.16556041168098146   0.30045216629206556   
0.139064463185033   0.30802437186427106   
0.083864329984899816   0.32893967877957797   
0.047749070244640063   0.33112095583585505   
0.028205419450989273   0.31547016218506135   
-0.010283341787771967   0.25887188546178463   
-0.02398763749206767   0.27864852548842473   
-0.038235190592561946   0.283860359406141   
-0.05466859379067103   0.29658312683479077   
-0.06445397834076147   0.3094299434169015   
-0.083922953809736939   0.28279357978053782   
-0.0793535093652925   0.24258188869384678   
-0.075519634906418026   0.20721068718293942   
-0.069102968239751358   0.11570771099246323   
-0.062839864921500968   0.085152663163615069   
-0.049549599631235682   0.084056759067710971   
-0.043055912762548824   0.027463324724276632   
-0.035549197255833317   -0.01866293790198599   
-0.046840863922499983   -0.050072361811409893   
-0.053884514716150779   -0.071624975864023943   
-0.050574990906626968   -0.059470213959262039   
-0.038561102017738075   -0.0022552067442548219   
-0.0038010010076370638   0.085093278104230036   
0.0238143251866365   0.15437039280239739   
0.019979909602220913   0.17545471819922281   
0.026233869264849302   0.23719603845447496   
0.02419914704262708   0.24562064162907812   
0.026758670852150886   0.28267421305764961   
0.028061701155181189   0.29932127188117907   
0.027247818622763185   0.31059641540922339   
0.03068846346124084   0.31904718024466322   
0.060494019016796394   0.22471781516529815   
0.072448564471341848   0.15599342844091141   
0.093590700113477476   0.14344292339040635   
0.11670433647711384   0.10840329635077932   
0.13212813417064839   0.073835454706699291   
0.1347339719603097   0.051243309986879246   
0.13559955922392328   0.043469632999615308   
0.13628921439633707   0.032072248911178908   
0.13767594208512426   0.026630562569721395   
0.14126358766967387   0.015070660576887647   

