2   1   
2   1   
2   1   
2   1   
2   1   
2   1   
2   1   
2   1   
2   1   
2   1   
5   -6   
5   -6   
5   -6   
5   -6   
5   -6   
5   -6   
5   -6   
5   -6   
5   -6   
5   -6   
7   -13   
7   -13   
7   -13   
7   -13   
7   -13   
7   -13   
7   -13   
7   -13   
7   -13   
7   -13   
9   -21   
9   -21   
9   -21   
9   -21   
9   -21   
9   -21   
9   -21   
9   -21   
9   -21   
9   -21   
9   -16   
9   -16   
9   -16   
9   -16   
9   -16   
9   -16   
9   -16   
9   -16   
9   -16   
9   -16   
9   -20   
9   -20   
9   -20   
9   -20   
9   -20   
9   -20   
9   -20   
9   -20   
9   -20   
9   -20   

