-0.20833333333333326   -1   
0.62261904761904774   -2.249350649350649   
-0.056673881673881571   0.790470640470641   
0.4527507215007216   -0.50540778665778663   
0.68926566854198446   -0.51900530025530034   
0.43390852568484156   0.087235680985680852   
0.3464085256848416   4.0066801254301252   
-0.539028259751944   -0.76426837051837115   
-0.17306505628874047   -0.65035034410034487   
-0.3065662772899615   -1.6930756743256747   
-0.54763770586139   1.6515671828171823   
0.24855119295908765   -1.9430448614852645   
-0.42373795794848435   0.42295299299943223   
-0.097547481758008092   2.3689847390311778   
-0.038389972600499089   -1.5533803958339572   
0.06081213248395903   0.96222311829896845   
-0.039187867516040975   -1.5627768817010317   
0.09263031430214097   0.75013798121383157   
0.68107520274702937   -0.72824094979667842   
0.16697706213859126   1.7865084236369058   
-0.13123722357569445   2.2151214772499594   
0.60685801451954358   -0.6991642370357547   
0.18602468118621029   0.29845481058329271   
0.909701004862534   -0.072349385220902951   
-0.051536368874839644   2.3825748572033389   
-0.070980813319283964   -0.69971230008381791   
0.68020966287119233   -0.099117061988579835   
0.93593369161312379   0.15787714988381196   
-0.097201229021796842   4.150734292740955   
-0.372384379204947   1.2735503655570284   
0.11151513631221552   -2.3489036510146351   
-0.51953645098937173   5.0698463489853642   
-0.16540302357920406   3.7330498349984045   
0.45911686946382868   2.8812202381483907   
0.2639120742590334   1.358010114938268   
-0.11913265878569951   -0.94076333383518085   
0.21327659862355794   -0.64893849201033893   
0.13342311877007812   0.28485271678086987   
-0.91479116694420759   0.745864621542774   
-0.55634960850264914   3.8383610140391653   
-0.5611701151672801   2.0966042634386941   
0.66056525730338633   -0.055700539601402754   
0.72833082506895408   1.0302294617697751   
-0.12345488921676018   -0.30427353523322209   
0.093772328010456985   1.3696636387039514   
0.471351693089822   2.9139096704499829   
0.30482016969331011   1.1535390913723107   
0.046803186676327213   -1.3002349124016932   
-0.37661089923775865   2.2494154372486568   
0.83578226315540372   3.6754838133170327   
-1.2551268277536871   0.86803431836753819   
-1.9681637907906502   6.1244445747777947   
-1.10926967493059   2.9374184430148205   
0.60690165374073868   1.5873601679565457   
0.88541896975805445   1.9178796484760263   
1.2991229128737622   2.0268270735999216   
0.904058296117969   1.2633801039029526   
-0.78142785515765611   3.4046572478116754   
0.20672288299308197   1.9415405034449313   
0.16183145721455935   0.74459729711739209   

